tileset755

550 883
548 823
547 822
717 807
314 805
684 2227
685 2228
686 2229
687 2230
416 806
660 2292 存档点
688 1290 萤火虫
679 1285 夜光蘑
280 1331 门上
281 1332 门下
282 1333 门左
283 1334 门右
284 1395 出口上
285 1396 出口下
286 1397 出口左
287 1398 出口右

368 1399 出口箭头上
369 1400 出口箭头下
419 1401 出口箭头左
420 1402 出口箭头右

432 1335 上锁门上
433 1336 上锁门下
434 1337 上锁门左
435 1338 上锁门右

363 869 透明墙
541 884 墙上
542 756 墙下
543 821 墙左
544 819 墙右
545 758 墙左上
546 759 墙右上
547 822 墙左下
548 823 墙右下
549 885 内墙左上
550 883 内墙右上
551 757 内墙左下
552 755 内墙右下

673 1279 圆形光
680 1286 探照灯
677 1283 黄蘑菇
678 1284 紫蘑菇
349 2360 宝箱
676 1282 蓝蘑菇